83816
83826
83819
83829
23210
23220
23212
23222
23215
23225
23219
23229
23239
23217A
23227A
33116
33126
33216
33226
33118
33128
33218
33228
34116
34126
34118
34128
13616
13626
13514
13524
13516
13526
13517
13527
16514
53116
53126
53216
53226
53118
53128
53218
53228
EB136102114-D
EB136102214-D
101505105-D
101505205-D
106001104
106001204
106001106
106001206
106002109
106002209
207707102
207707202
207707103
207707203
107707103
107707203
107707102
107707202
107709103
107709203
107309103
107309203
107409103
107409203
107719103
107719203
AL207707102
AL207707202
108008106
108008206
108008108
108008208
131016112
131016212
102502107
102502207
102502112
102502212
103101107
103101207
103102107
103102207
104101107
104101207
132517103
132517203
101506105
101506205
101506107
101506207
201505105
201505205
101505105
101505205
101505107
101505207
102802106
102802206
103801105
103801205
104801105
104801005
104801205
104801805
105802106
105802006
105801105
105801205
105802105
105802205
102802006
103801105P
103801205P
105801105P
105801205P
105802105P
105802205P
105101107
105101207
105102107
105102207
202003100
202003150
202003015
202003250
202003030
202003400
202003040
202003060
202023100
202023150
202023015
202023200
202023030
202023040
202023060
PC205200000
PC209200000
204200000
205200000
241200000
251200000
291200000
201013288
201113288
312000110
311000110
312000310
311000310
312000105
311000105
312000305
311000305
EB311000110
312000107
311000107
312000307
311000307
312000114
311000114
312000314
311000314
312000407
311000407
312000414
311000414
312000605
311000605
312000705
311000705
312000505
311000505
311011105
311011205
83811
83821
23212P
23222P
23215P
23225P
33116T
33126T
53216T
53226T
13516T
13526T
23211P
23221P
23214P
23224P
33117T
33127T
53217T
53227T
23230
23232
23235
73215
73225
73235
33110
33120
33136
33138
13536
13537
13519
13529
13539
53110
53120
53236
53238
102502110-S
102502110-T
102502210-S
102502111-D
102502211-D
103101107-S
103101207-S
103101107-D
103101207-D
105102107-S
105102207-S
105101107-D
105101207-D
105102107-D
105102207-D
108408108-D
108408208-D
207307104
207307204
107307104
107307204
107309104
107309204
107309105
107309205
107809103
107809203
102502110
102502210
102802110
102802210
102802108
102802208
103801107
103801207
104801107
104801207
105801107
105801207
105802107
105802207
102202110-D
102202210-D
103801105-D
103801205-D
104801105-D
104801205-D
105802105-D
105802205-D
102202110
102202210
103201105
103201205
104201105
104201205
105201105
105201205
105202105
105202205
